98
12
89
56
94
22
81
6
71
75
92
82
13
42
58
39
36
52
56
45
53
34
34
53
14
68
96
61
72
59
83
8
39
15
36
68
55
14
34
98
43
69
71
83
78
76
68
19
45
24
72
22
7
6
7
65
79
36
42
27
27
20
35
13
92
84
43
98
6
90
84
23
18
58
2
85
63
52
75
39
100
77
17
48
88
61
2
33
9
71
90
20
72
7
72
24
35
59
91
95
33
70
13
55
41
50
5
50
4
22
2
28
61
4
27
50
3
87
26
31
83
11
89
35
1
64
51
11
87
79
51
5
61
81
6
31
65
62
8
39
57
52
30
87
70
63
60
68
81
22
21
48
34
60
12
23
81
78
55
77
99
94
64
25
72
98
67
80
99
97
86
42
79
88
75
31
81
2
66
38
5
84
31
65
58
3
72
1
69
83
50
87
8
31
41
64
89
5
16
73
96
80
69
85
37
80
69
46
86
82
43
79
12
17
73
15
64
100
67
69
26
66
12
17
47
99
34
48
48
12
42
77
87
94
42
25
16
46
28
79
34
26
15
88
40
71
75
91
59
26
100
90
38
47
47
30
69
52
38
38
46
21
99
75
40
67
93
19
75
48
100
18
72
89
35
1
52
25
78
77
24
43
90
22
12
53
39
40
48
12
57
64
9
90
33
14
27
41
48
74
78
57
17
11
27
83
19
50
13
46
79
44
75
61
15
4
32
77
64
88
28
53
72
63
92
36
9
83
57
22
74
11
78
4
99
68
27
80
96
29
35
90
28
2
34
13
90
48
76
30
82
50
77
60
46
26
86
54
19
92
74
36
93
91
73
69
67
71
63
47
77
53
82
36
54
39
26
70
30
79
46
62
7
27
40
24
35
18
59
74
83
74
61
4
55
99
97
38
29
65
46
19
86
30
53
30
69
42
6
7
1
16
24
41
46
13
30
67
51
50
35
50
13
89
65
4
92
79
81
56
43
88
42
65
33
28
76
78
74
10
56
93
12
52
74
67
50
20
59
42
69
31
87
80
31
97
7
98
66
50
39
90
61
51
65
13
75
59
8
19
38
52
93
41
94
42
38
61
15
98
54
72
20
39
87
13
2
62
35
37
21
79
13
25
72
66
32
61
88
62
93
91
13
41
5
18
38
46
87
89
59
46
83
68
97
67
71
22
65
53
11
13
25
72
98
59
39
69
69
29
11
77
74
54
5
63
60
80
35
70
75
56
76
46
78
75
97
45
28
6
96
10
97
35
51
80
67
42
44
47
79
70
77
59
79
82
73
29
64
34
7
92
88
96
78
55
38
79
94
23
63
95
41
64
33
1
80
39
4
25
97
19
37
89
91
5
80
18
67
96
3
68
82
94
99
4
22
2
57
96
43
88
48
21
84
85
29
14
26
79
3
34
25
39
38
89
56
100
5
74
76
20
12
99
20
95
13
47
65
30
79
79
82
9
83
9
71
16
5
7
76
67
93
89
94
69
44
44
57
10
49
22
98
84
20
23
76
49
1
90
72
83
49
97
100
24
53
17
56
30
19
40
96
98
98
10
28
24
6
52
52
70
91
55
81
57
81
98
89
61
33
22
15
16
36
94
18
97
89
70
17
27
88
27
92
9
27
100
87
11
95
53
44
50
38
2
93
95
16
44
44
55
28
96
98
97
26
81
63
4
93
32
35
36
35
25
83
64
63
72
31
82
12
79
66
80
79
66
78
34
2
24
81
46
27
63
100
92
30
96
84
47
37
83
18
63
18
8
16
14
20
29
32
44
14
63
44
50
31
18
18
60
3
30
3
70
52
90
10
73
26
92
34
68
89
84
45
29
61
3
63
71
51
64
14
73
92
37
33
64
19
50
61
13
78
24
44
7
81
49
12
29
99
43
88
29
96
64
56
30
18
15
89
29
55
48
10
39
17
31
78
16
58
46
54
76
31
21
91
65
41
38
49
12
91
35
72
8
77
86
78
29
81
3
47
4
62
33
58
30
15
5
91
50
72
97
71
53
90
13
99
75
74
92
89
80
67
77
38
21
76
3
63
32
53
50
35
55
100
50
15
98
63
61
50
37
48
99
41
95
64
20
19
64
87
3
55
89
15
67
38
85
96
38
55
13
42
60
97
23
62
17
54
40
98
1
12
13
42
53
33
69
37
43
57
57
84
99
45
51
95
46
40
33
13
31
3
26
7
38
95
88
2
19
33
47
66
79
67
87
92
42
48
62
34
70
49
53
81
98
29
43
16
47
28
17
77
22
28
68
